osu file format v128

[General]
AudioFilename: audio.mp3
AudioLeadIn: 0
PreviewTime: -1
Countdown: 0
SampleSet: Normal
StackLeniency: 0.7
Mode: 0
LetterboxInBreaks: 0
WidescreenStoryboard: 1

[Editor]
DistanceSpacing: 0.1
BeatDivisor: 2
GridSize: 4
TimelineZoom: 1.2839999198913574

[Metadata]
Title: Do the dance
TitleUnicode: 빌려온 고양이
Artist: ILLIT
ArtistUnicode: ILLIT
Creator: NoSleepPatient
Version: EZPZ

[Difficulty]
HPDrainRate: 5
CircleSize: 10
OverallDifficulty: 5
ApproachRate: 5
SliderMultiplier: 1.3999999687075613
SliderTickRate: 1

[Events]

[TimingPoints]
16818,461.5384615384613,4,1,0,100,1,0

[Colours]
Combo1: 255,192,0,255
Combo2: 0,202,0,255
Combo3: 18,124,255,255
Combo4: 242,24,57,255

[HitObjects]
62,196,16818,5,0,1:0:0:0:
188,198,17279,1,0,1:0:0:0:
324,198,17741,1,0,1:0:0:0:
446,200,18202,1,0,1:0:0:0:
324,202,18664,1,0,1:0:0:0:
185,200,19125,1,0,1:0:0:0:
55,198,19587,1,0,1:0:0:0:
313,200,20048,1,0,1:0:0:0:
186,201,20510,1,0,1:0:0:0:
446,199,20971,1,0,1:0:0:0:
193,190,21433,1,0,1:0:0:0:
319,192,21894,1,0,1:0:0:0:
53,193,22356,1,0,1:0:0:0:
319,192,22817,1,0,1:0:0:0:
449,195,23279,1,0,1:0:0:0:
444,64,24202,5,0,1:0:0:0:
321,71,24664,1,0,1:0:0:0:
194,71,25125,1,0,1:0:0:0:
62,72,25587,1,0,1:0:0:0:
186,74,26048,1,0,1:0:0:0:
316,79,26510,1,0,1:0:0:0:
438,80,26971,1,0,1:0:0:0:
178,73,27433,1,0,1:0:0:0:
323,74,27894,1,0,1:0:0:0:
49,75,28356,1,0,1:0:0:0:
62,325,29279,1,0,1:0:0:0:
333,326,29741,1,0,1:0:0:0:
173,327,30202,1,0,1:0:0:0:
442,336,30664,1,0,1:0:0:0:
190,197,31587,5,0,1:0:0:0:
325,194,32048,1,0,1:0:0:0:
432,194,32202,1,0,1:0:0:0:
325,194,32356,1,0,1:0:0:0:
62,325,33433,1,0,1:0:0:0:
314,318,33894,1,0,1:0:0:0:
430,312,34048,1,0,1:0:0:0:
314,318,34202,1,0,1:0:0:0:
184,193,35279,1,0,1:0:0:0:
314,69,35741,1,0,1:0:0:0:
431,75,35894,1,0,1:0:0:0:
314,69,36048,1,0,1:0:0:0:
446,193,36664,1,0,1:0:0:0:
315,194,37010,1,0,1:0:0:0:
436,195,37587,1,0,1:0:0:0:
312,197,37933,1,0,1:0:0:0:
68,191,38971,1,0,1:0:0:0:
180,56,39433,1,0,1:0:0:0:
333,56,39587,1,0,1:0:0:0:
456,55,39741,1,0,1:0:0:0:
45,38,40817,1,0,1:0:0:0:
191,196,41279,1,0,1:0:0:0:
326,193,41433,1,0,1:0:0:0:
448,193,41587,1,0,1:0:0:0:
308,194,42433,1,0,1:0:0:0:
442,197,42664,1,0,1:0:0:0:
446,344,43356,1,0,1:0:0:0:
358,344,43587,1,0,1:0:0:0:
324,338,44510,1,0,1:0:0:0:
457,340,44510,1,0,1:0:0:0:
316,197,44971,1,0,1:0:0:0:
457,189,44971,1,0,1:0:0:0:
318,49,45433,1,0,1:0:0:0:
454,53,45433,1,0,1:0:0:0:
332,196,45894,1,0,1:0:0:0:
456,189,45894,1,0,1:0:0:0:
177,196,46356,5,0,1:0:0:0:
310,194,46587,1,0,1:0:0:0:
452,195,46817,1,0,1:0:0:0:
198,193,47202,1,0,1:0:0:0:
332,196,47433,1,0,1:0:0:0:
480,196,47664,1,0,1:0:0:0:
461,343,48202,1,0,1:0:0:0:
460,342,48433,1,0,1:0:0:0:
316,341,48664,1,0,1:0:0:0:
316,341,48894,1,0,1:0:0:0:
197,346,49048,1,0,1:0:0:0:
316,341,49279,1,0,1:0:0:0:
449,343,49510,1,0,1:0:0:0:
212,193,50048,1,0,1:0:0:0:
329,194,50279,1,0,1:0:0:0:
457,197,50510,1,0,1:0:0:0:
213,68,50894,1,0,1:0:0:0:
336,70,51125,1,0,1:0:0:0:
453,73,51356,1,0,1:0:0:0:
327,339,51894,1,0,1:0:0:0:
449,339,51894,1,0,1:0:0:0:
449,194,52356,1,0,1:0:0:0:
321,195,52356,1,0,1:0:0:0:
323,47,52817,1,0,1:0:0:0:
450,47,52817,1,0,1:0:0:0:
455,196,53279,1,0,1:0:0:0:
314,193,53279,1,0,1:0:0:0:
177,196,53741,5,0,1:0:0:0:
310,194,53971,1,0,1:0:0:0:
452,195,54202,1,0,1:0:0:0:
198,193,54587,1,0,1:0:0:0:
332,196,54817,1,0,1:0:0:0:
480,196,55048,1,0,1:0:0:0:
461,343,55587,1,0,1:0:0:0:
460,342,55817,1,0,1:0:0:0:
316,341,56048,1,0,1:0:0:0:
316,341,56279,1,0,1:0:0:0:
197,346,56433,1,0,1:0:0:0:
316,341,56664,1,0,1:0:0:0:
449,343,56894,1,0,1:0:0:0:
327,339,57433,1,0,1:0:0:0:
449,339,57433,1,0,1:0:0:0:
449,194,57894,1,0,1:0:0:0:
321,195,57894,1,0,1:0:0:0:
323,47,58356,1,0,1:0:0:0:
450,47,58356,1,0,1:0:0:0:
455,196,58817,1,0,1:0:0:0:
314,193,58817,1,0,1:0:0:0:
455,196,59279,1,0,1:0:0:0:
441,195,59741,1,0,1:0:0:0:
316,196,59856,1,0,1:0:0:0:
441,195,59971,1,0,1:0:0:0:
441,195,60202,1,0,1:0:0:0:
441,195,60433,1,0,1:0:0:0:
441,195,60664,1,0,1:0:0:0:
316,196,60779,1,0,1:0:0:0:
441,195,60894,1,0,1:0:0:0:

